time,value,a,b,c,d
02_00_00_p,0.00144878,0.00 ,0.03 ,0.09 ,99.87 
02_00_05_p,0.002275563,0.01 ,0.09 ,0.13 ,99.77 
02_00_11_p,0.002435831,0.00 ,0.01 ,0.20 ,99.78 
02_00_17_p,0.003490811,0.00 ,0.11 ,0.24 ,99.65 
02_00_23_p,0.00371244,0.00 ,0.14 ,0.20 ,99.66 
02_00_29_p,0.005745072,0.01 ,0.34 ,0.20 ,99.44 
02_00_35_p,0.003678915,0.01 ,0.14 ,0.19 ,99.66 
02_00_41_p,0.004415716,0.01 ,0.15 ,0.27 ,99.57 
02_00_47_p,0.004190054,0.02 ,0.23 ,0.17 ,99.58 
02_00_53_p,0.00380301,0.02 ,0.11 ,0.21 ,99.66 
02_00_59_p,0.004654801,0.03 ,0.19 ,0.20 ,99.57 
02_01_05_p,0.004642679,0.01 ,0.21 ,0.22 ,99.57 
02_01_11_p,0.004047109,0.01 ,0.15 ,0.22 ,99.62 
02_01_17_p,0.003429275,0.01 ,0.13 ,0.19 ,99.67 
02_01_23_p,0.003631778,0.00 ,0.19 ,0.16 ,99.65 
02_01_29_p,0.003261258,0.01 ,0.15 ,0.16 ,99.68 
02_01_35_p,0.003867627,0.00 ,0.31 ,0.07 ,99.62 
02_01_41_p,0.002509601,0.00 ,0.16 ,0.08 ,99.76 
02_01_47_p,0.002518153,0.00 ,0.10 ,0.14 ,99.76 
02_01_53_p,0.001144024,0.00 ,0.07 ,0.05 ,99.89 
02_01_59_p,0.001465748,0.00 ,0.10 ,0.05 ,99.85 
02_02_05_p,0.001545193,0.00 ,0.06 ,0.09 ,99.85 
02_02_11_p,0.00152383,0.00 ,0.03 ,0.13 ,99.84 
02_02_17_p,0.000912293,0.00 ,0.02 ,0.07 ,99.91 
02_02_23_p,0.001118529,0.00 ,0.05 ,0.07 ,99.89 
02_02_29_p,0.001487018,0.00 ,0.07 ,0.08 ,99.85 
02_02_35_p,0.001037466,0.00 ,0.01 ,0.09 ,99.90 
02_02_41_p,0.000737437,0.00 ,0.01 ,0.06 ,99.93 
02_02_47_p,0.00157222,0.00 ,0.01 ,0.16 ,99.83 
02_02_53_p,0.001196358,0.00 ,0.01 ,0.11 ,99.87 
02_02_59_p,0.001085947,0.00 ,0.01 ,0.09 ,99.90 
02_03_05_p,0.001020053,0.00 ,0.01 ,0.10 ,99.89 
02_03_11_p,0.000737437,0.00 ,0.00 ,0.07 ,99.93 
02_03_17_p,0.000951349,0.00 ,0.00 ,0.09 ,99.91 
02_03_23_p,0.000752931,0.00 ,0.00 ,0.07 ,99.93 
02_03_29_p,0.000566908,0.00 ,0.01 ,0.05 ,99.94 
02_03_35_p,0.000363054,0.00 ,0.01 ,0.02 ,99.97 
02_03_41_p,0.000471743,0.00 ,0.00 ,0.06 ,99.94 
02_03_47_p,0.000368299,0.00 ,0.00 ,0.03 ,99.97 
02_03_53_p,0.000520103,0.00 ,0.00 ,0.05 ,99.95 
02_03_59_p,0.001039275,0.00 ,0.00 ,0.10 ,99.90 
02_04_05_p,0.000811331,0.00 ,0.01 ,0.07 ,99.92 
02_04_11_p,0.001199367,0.01 ,0.02 ,0.08 ,99.89 
02_04_17_p,0.001196178,0.01 ,0.02 ,0.08 ,99.89 
02_04_23_p,0.000726327,0.00 ,0.03 ,0.03 ,99.93 
02_04_29_p,0.000941308,0.01 ,0.01 ,0.08 ,99.90 
02_04_35_p,0.000537672,0.00 ,0.01 ,0.05 ,99.94 
02_04_41_p,0.000535061,0.00 ,0.00 ,0.05 ,99.95 
02_04_47_p,0.000476911,0.00 ,0.01 ,0.03 ,99.95 
02_04_53_p,0.00043648,0.01 ,0.02 ,0.01 ,99.95 
02_04_59_p,0.000611366,0.01 ,0.01 ,0.06 ,99.92 
02_05_05_p,0.000396874,0.00 ,0.01 ,0.03 ,99.95 
02_05_11_p,0.000558473,0.00 ,0.03 ,0.02 ,99.94 
02_05_17_p,0.000833877,0.00 ,0.02 ,0.06 ,99.92 
02_05_23_p,0.000456763,0.00 ,0.02 ,0.02 ,99.95 
02_05_29_p,0.000542667,0.00 ,0.02 ,0.03 ,99.94 
02_05_35_p,0.000390324,0.00 ,0.02 ,0.02 ,99.95 
02_05_41_p,0.000278777,0.00 ,0.01 ,0.02 ,99.97 
02_05_47_p,0.000198608,0.00 ,0.02 ,0.00 ,99.98 
02_05_53_p,0.000198608,0.00 ,0.02 ,0.00 ,99.98 
02_05_59_p,0.001891097,0.00 ,0.05 ,0.14 ,99.82 
02_06_05_p,0.002614015,0.01 ,0.06 ,0.19 ,99.74 
02_06_11_p,0.00514363,0.00 ,0.16 ,0.32 ,99.52 
02_06_17_p,0.006524923,0.01 ,0.25 ,0.35 ,99.39 
02_06_23_p,0.014478055,0.01 ,0.51 ,0.85 ,98.62 
02_06_29_p,0.024349499,0.00 ,1.08 ,1.25 ,97.67 
02_06_35_p,0.037577769,0.06 ,1.64 ,1.90 ,96.40 
02_06_41_p,0.052129566,0.03 ,2.39 ,2.51 ,95.07 
02_06_47_p,0.066448539,0.05 ,3.32 ,2.96 ,93.67 
02_06_53_p,0.086659421,0.11 ,4.43 ,3.84 ,91.61 
02_06_59_p,0.098612759,0.11 ,5.01 ,4.55 ,90.33 
02_07_05_p,0.120392575,0.21 ,6.90 ,4.53 ,88.36 
02_07_11_p,0.133866066,0.10 ,7.75 ,5.17 ,86.97 
02_07_17_p,0.149102512,0.23 ,8.51 ,5.79 ,85.46 
02_07_23_p,0.163267398,0.23 ,9.80 ,5.92 ,84.05 
02_07_29_p,0.175490328,0.22 ,10.37 ,6.42 ,82.99 
02_07_35_p,0.187074983,0.29 ,10.88 ,7.30 ,81.53 
02_07_41_p,0.190094728,0.28 ,11.03 ,7.40 ,81.29 
02_07_47_p,0.191446428,0.38 ,11.67 ,6.80 ,81.15 
02_07_53_p,0.197691515,0.37 ,11.95 ,7.22 ,80.46 
02_07_59_p,0.196996647,0.35 ,12.45 ,6.55 ,80.65 
02_08_05_p,0.196901151,0.37 ,12.38 ,6.61 ,80.64 
02_08_11_p,0.199364764,0.40 ,12.14 ,7.08 ,80.39 
02_08_17_p,0.198456925,0.33 ,12.64 ,6.38 ,80.66 
02_08_23_p,0.199399203,0.30 ,13.26 ,5.92 ,80.52 
02_08_29_p,0.192547004,0.27 ,11.99 ,6.39 ,81.35 
02_08_35_p,0.183170998,0.39 ,11.41 ,6.04 ,82.15 
02_08_41_p,0.174859966,0.30 ,11.03 ,5.75 ,82.92 
02_08_47_p,0.165089772,0.19 ,10.29 ,5.58 ,83.94 
02_08_53_p,0.150591069,0.20 ,9.22 ,5.08 ,85.50 
02_08_59_p,0.137726569,0.20 ,8.28 ,4.70 ,86.82 
02_09_05_p,0.124303101,0.24 ,6.80 ,4.92 ,88.04 
02_09_11_p,0.119016188,0.13 ,7.11 ,4.14 ,88.62 
02_09_17_p,0.117302951,0.18 ,6.77 ,4.23 ,88.82 
02_09_23_p,0.119106929,0.14 ,6.34 ,4.85 ,88.68 
02_09_29_p,0.112083319,0.15 ,6.09 ,4.50 ,89.26 
02_09_35_p,0.108575417,0.08 ,6.00 ,4.38 ,89.54 
02_09_41_p,0.105373989,0.13 ,5.86 ,4.16 ,89.86 
02_09_47_p,0.101591963,0.09 ,5.40 ,4.34 ,90.17 
02_09_53_p,0.101629867,0.13 ,5.66 ,3.98 ,90.23 
02_09_59_p,0.095967965,0.06 ,5.45 ,3.80 ,90.69 
02_10_05_p,0.091206097,0.07 ,5.10 ,3.65 ,91.19 
02_10_11_p,0.08845152,0.07 ,4.88 ,3.62 ,91.43 
02_10_17_p,0.07844464,0.06 ,4.23 ,3.35 ,92.36 
02_10_23_p,0.079425206,0.06 ,4.29 ,3.30 ,92.35 
02_10_29_p,0.075111473,0.07 ,3.67 ,3.53 ,92.73 
02_10_35_p,0.069624398,0.11 ,3.62 ,3.00 ,93.27 
02_10_41_p,0.065175834,0.08 ,3.10 ,3.10 ,93.72 
02_10_47_p,0.060587493,0.06 ,2.55 ,3.22 ,94.17 
02_10_53_p,0.05526342,0.06 ,2.10 ,3.16 ,94.69 
02_10_59_p,0.048661542,0.07 ,1.67 ,2.90 ,95.35 
02_11_05_p,0.03924749,0.08 ,1.40 ,2.27 ,96.25 
02_11_11_p,0.035615261,0.11 ,1.37 ,1.89 ,96.63 
02_11_17_p,0.033611043,0.10 ,1.18 ,1.94 ,96.78 
02_11_23_p,0.030379011,0.05 ,0.84 ,1.95 ,97.17 
02_11_29_p,0.028132426,0.06 ,0.92 ,1.67 ,97.35 
02_11_35_p,0.025565477,0.07 ,0.88 ,1.53 ,97.53 
02_11_41_p,0.020954578,0.06 ,0.74 ,1.20 ,98.01 
02_11_47_p,0.021919034,0.05 ,0.75 ,1.33 ,97.87 
02_11_53_p,0.021455078,0.05 ,0.85 ,1.20 ,97.90 
02_11_59_p,0.020669299,0.02 ,0.67 ,1.32 ,97.98 
02_12_05_p,0.018926961,0.02 ,0.68 ,1.16 ,98.13 
02_12_11_p,0.018528934,0.02 ,0.73 ,1.03 ,98.22 
02_12_17_p,0.016740301,0.03 ,0.63 ,0.93 ,98.41 
02_12_23_p,0.014962898,0.05 ,0.50 ,0.85 ,98.60 
02_12_29_p,0.01548305,0.02 ,0.58 ,0.82 ,98.58 
02_12_35_p,0.016452737,0.03 ,0.52 ,0.99 ,98.45 
02_12_41_p,0.013690772,0.01 ,0.36 ,0.90 ,98.73 
02_12_47_p,0.01642968,0.02 ,0.38 ,1.15 ,98.45 
02_12_53_p,0.015422547,0.01 ,0.57 ,0.87 ,98.55 
02_12_59_p,0.01462785,0.00 ,0.56 ,0.84 ,98.60 
02_13_05_p,0.016799206,0.02 ,0.38 ,1.16 ,98.44 
02_13_11_p,0.018573653,0.05 ,0.48 ,1.25 ,98.22 
02_13_17_p,0.020254099,0.00 ,0.52 ,1.39 ,98.09 
02_13_23_p,0.021950976,0.05 ,0.63 ,1.42 ,97.90 
02_13_29_p,0.02579601,0.05 ,0.64 ,1.78 ,97.54 
02_13_35_p,0.027143113,0.01 ,0.87 ,1.71 ,97.41 
02_13_41_p,0.032738216,0.03 ,1.04 ,2.06 ,96.86 
02_13_47_p,0.034534554,0.03 ,1.06 ,2.13 ,96.77 
02_13_53_p,0.032842268,0.03 ,1.08 ,2.05 ,96.83 
02_13_59_p,0.04052972,0.01 ,1.34 ,2.51 ,96.14 
02_14_05_p,0.039105499,0.01 ,1.23 ,2.45 ,96.31 
02_14_11_p,0.037791937,0.03 ,1.26 ,2.29 ,96.41 
02_14_17_p,0.038196042,0.07 ,1.45 ,2.16 ,96.32 
02_14_23_p,0.038350993,0.02 ,1.47 ,2.17 ,96.34 
02_14_29_p,0.037760589,0.01 ,1.80 ,1.87 ,96.32 
02_14_35_p,0.040107342,0.06 ,1.60 ,2.22 ,96.13 
02_14_41_p,0.04090287,0.07 ,1.58 ,2.31 ,96.03 
02_14_47_p,0.039215217,0.08 ,1.58 ,2.06 ,96.27 
02_14_53_p,0.03889319,0.03 ,1.61 ,2.12 ,96.24 
02_14_59_p,0.038772882,0.05 ,1.55 ,2.13 ,96.28 
02_15_05_p,0.03788463,0.03 ,1.53 ,2.11 ,96.33 
02_15_11_p,0.038890914,0.05 ,1.70 ,2.05 ,96.21 
02_15_17_p,0.037785859,0.06 ,1.48 ,2.12 ,96.34 
02_15_23_p,0.036724525,0.05 ,1.44 ,2.12 ,96.40 
02_15_29_p,0.03689256,0.06 ,1.45 ,2.07 ,96.42 
02_15_35_p,0.041141107,0.03 ,1.49 ,2.47 ,96.00 
02_15_41_p,0.042754734,0.05 ,1.46 ,2.63 ,95.86 
02_15_47_p,0.049063217,0.03 ,1.62 ,3.04 ,95.30 
02_15_53_p,0.05121448,0.01 ,1.71 ,3.16 ,95.12 
02_15_59_p,0.051742478,0.10 ,1.85 ,2.94 ,95.10 
02_16_05_p,0.051450789,0.03 ,2.09 ,2.70 ,95.18 
02_16_11_p,0.048434441,0.05 ,1.85 ,2.67 ,95.44 
02_16_17_p,0.04805435,0.06 ,1.92 ,2.51 ,95.51 
02_16_23_p,0.051008653,0.07 ,2.02 ,2.79 ,95.12 
02_16_29_p,0.054391476,0.07 ,2.22 ,2.99 ,94.72 
02_16_35_p,0.060573693,0.06 ,2.61 ,3.17 ,94.16 
02_16_41_p,0.061654254,0.06 ,2.67 ,3.26 ,94.01 
02_16_47_p,0.067461326,0.05 ,3.09 ,3.33 ,93.53 
02_16_53_p,0.076806089,0.10 ,3.38 ,3.82 ,92.70 
02_16_59_p,0.079956005,0.11 ,3.62 ,3.93 ,92.34 
02_17_05_p,0.094284275,0.11 ,4.20 ,4.69 ,90.99 
02_17_10_p,0.103458995,0.18 ,5.07 ,4.68 ,90.06 
02_17_16_p,0.126235749,0.17 ,6.70 ,5.43 ,87.69 
02_17_22_p,0.139134647,0.18 ,7.43 ,6.10 ,86.28 
02_17_28_p,0.147404325,0.15 ,7.54 ,6.69 ,85.61 
02_17_34_p,0.153057826,0.16 ,8.51 ,6.32 ,85.01 
02_17_40_p,0.161781693,0.15 ,9.20 ,6.55 ,84.11 
02_17_46_p,0.169670211,0.15 ,9.40 ,6.88 ,83.57 
02_17_52_p,0.177361116,0.15 ,10.09 ,7.05 ,82.71 
02_17_58_p,0.171956394,0.15 ,10.10 ,6.56 ,83.18 
02_18_04_p,0.170633811,0.17 ,9.97 ,6.47 ,83.39 
02_18_10_p,0.162485637,0.18 ,9.58 ,6.23 ,84.01 
02_18_16_p,0.151643513,0.16 ,8.70 ,5.90 ,85.24 
02_18_22_p,0.148098246,0.14 ,8.46 ,5.90 ,85.51 
02_18_29_p,0.139808961,0.13 ,8.14 ,5.43 ,86.30 
02_18_35_p,0.125073912,0.20 ,7.12 ,4.88 ,87.81 
02_18_41_p,0.118423627,0.17 ,6.73 ,4.59 ,88.51 
02_18_47_p,0.111321079,0.09 ,6.24 ,4.47 ,89.20 
02_18_53_p,0.107718245,0.10 ,6.12 ,4.17 ,89.61 
02_18_59_p,0.103130721,0.14 ,5.48 ,4.42 ,89.96 
02_19_05_p,0.086749015,0.13 ,4.10 ,4.15 ,91.62 
02_19_11_p,0.072227674,0.13 ,3.81 ,3.04 ,93.03 
02_19_17_p,0.062327157,0.05 ,3.36 ,2.60 ,94.00 
02_19_23_p,0.055373443,0.05 ,2.98 ,2.30 ,94.67 
02_19_29_p,0.048139034,0.07 ,2.36 ,2.23 ,95.34 
02_19_35_p,0.043074871,0.03 ,2.02 ,2.05 ,95.89 
02_19_41_p,0.035571249,0.05 ,1.61 ,1.76 ,96.59 
02_19_47_p,0.034850856,0.03 ,1.72 ,1.57 ,96.67 
02_19_53_p,0.030503889,0.03 ,1.57 ,1.33 ,97.06 
02_19_59_p,0.026393922,0.09 ,1.27 ,1.27 ,97.38 
02_20_05_p,0.022818611,0.03 ,1.17 ,0.95 ,97.85 
02_20_10_p,0.025229507,0.07 ,1.06 ,1.24 ,97.63 
02_20_17_p,0.026137295,0.02 ,1.07 ,1.39 ,97.52 
02_20_22_p,0.026807072,0.06 ,1.01 ,1.46 ,97.47 
02_20_29_p,0.025621532,0.02 ,1.04 ,1.40 ,97.54 
02_20_35_p,0.02499983,0.02 ,0.98 ,1.37 ,97.63 
02_20_41_p,0.022588571,0.03 ,1.00 ,1.10 ,97.86 
02_20_47_p,0.023437003,0.01 ,0.82 ,1.38 ,97.79 
02_20_53_p,0.019820302,0.00 ,0.81 ,1.06 ,98.13 
02_20_59_p,0.017332647,0.01 ,0.68 ,0.93 ,98.37 
02_21_05_p,0.012493955,0.01 ,0.57 ,0.61 ,98.81 
02_21_11_p,0.012392957,0.01 ,0.50 ,0.66 ,98.83 
02_21_17_p,0.012084627,0.01 ,0.36 ,0.77 ,98.85 
02_21_23_p,0.010995558,0.02 ,0.36 ,0.67 ,98.94 
02_21_29_p,0.011373016,0.01 ,0.40 ,0.69 ,98.90 
02_21_35_p,0.011238719,0.02 ,0.27 ,0.77 ,98.93 
02_21_41_p,0.011219921,0.03 ,0.26 ,0.79 ,98.92 
02_21_47_p,0.010899282,0.02 ,0.27 ,0.75 ,98.95 
02_21_53_p,0.009457728,0.02 ,0.25 ,0.66 ,99.07 
02_21_59_p,0.008147505,0.02 ,0.23 ,0.55 ,99.20 
02_22_05_p,0.0068804,0.00 ,0.20 ,0.44 ,99.35 
02_22_11_p,0.007168875,0.01 ,0.26 ,0.42 ,99.31 
02_22_17_p,0.00651252,0.00 ,0.19 ,0.42 ,99.39 
02_22_23_p,0.006290516,0.00 ,0.17 ,0.44 ,99.39 
02_22_29_p,0.007280814,0.00 ,0.19 ,0.50 ,99.31 
02_22_35_p,0.005263701,0.00 ,0.17 ,0.32 ,99.51 
02_22_41_p,0.004160803,0.00 ,0.19 ,0.18 ,99.62 
02_22_47_p,0.003365944,0.00 ,0.11 ,0.19 ,99.69 
02_22_53_p,0.002431181,0.00 ,0.06 ,0.16 ,99.78 
02_22_59_p,0.001760345,0.00 ,0.03 ,0.13 ,99.84 
02_23_05_p,0.001654778,0.00 ,0.03 ,0.11 ,99.85 
02_23_10_p,0.002004516,0.01 ,0.07 ,0.11 ,99.81 
02_23_16_p,0.001555052,0.00 ,0.06 ,0.09 ,99.85 
02_23_22_p,0.001071761,0.00 ,0.03 ,0.07 ,99.90 
02_23_28_p,0.000675444,0.00 ,0.03 ,0.02 ,99.94 
02_23_34_p,0.000592164,0.00 ,0.03 ,0.02 ,99.94 
02_23_40_p,0.000452801,0.00 ,0.01 ,0.03 ,99.95 
02_23_46_p,0.000140033,0.00 ,0.00 ,0.01 ,99.99 
02_23_52_p,0.000614555,0.00 ,0.01 ,0.05 ,99.94 
03_00_00_p,0.001484022,0.00 ,0.07 ,0.10 ,99.83 