time,value,a,b,c,d
06_00_00_p,0.001844335,0.00 ,0.10 ,0.07 ,99.83 
06_00_04_p,0.003141993,0.00 ,0.14 ,0.15 ,99.72 
06_00_10_p,0.002747215,0.01 ,0.09 ,0.14 ,99.76 
06_00_16_p,0.003946024,0.03 ,0.11 ,0.22 ,99.64 
06_00_22_p,0.003630859,0.01 ,0.18 ,0.11 ,99.69 
06_00_28_p,0.003890308,0.01 ,0.18 ,0.17 ,99.64 
06_00_34_p,0.004190584,0.02 ,0.16 ,0.22 ,99.60 
06_00_40_p,0.004352372,0.02 ,0.19 ,0.24 ,99.54 
06_00_46_p,0.003489773,0.02 ,0.10 ,0.22 ,99.66 
06_00_52_p,0.004348664,0.00 ,0.25 ,0.16 ,99.59 
06_00_58_p,0.004484689,0.00 ,0.20 ,0.23 ,99.57 
06_01_04_p,0.002974769,0.00 ,0.13 ,0.14 ,99.74 
06_01_10_p,0.002240556,0.00 ,0.09 ,0.10 ,99.81 
06_01_16_p,0.002896237,0.00 ,0.11 ,0.15 ,99.74 
06_01_22_p,0.002767443,0.00 ,0.15 ,0.09 ,99.76 
06_01_28_p,0.002275219,0.00 ,0.10 ,0.10 ,99.79 
06_01_34_p,0.002951133,0.00 ,0.13 ,0.14 ,99.74 
06_01_40_p,0.002899006,0.00 ,0.17 ,0.09 ,99.74 
06_01_46_p,0.002637285,0.00 ,0.14 ,0.10 ,99.76 
06_01_52_p,0.001808163,0.00 ,0.09 ,0.07 ,99.84 
06_01_58_p,0.001428048,0.00 ,0.05 ,0.08 ,99.87 
06_02_04_p,0.001463504,0.00 ,0.05 ,0.08 ,99.87 
06_02_10_p,0.00131454,0.00 ,0.01 ,0.10 ,99.89 
06_02_16_p,0.001419458,0.00 ,0.03 ,0.09 ,99.87 
06_02_22_p,0.00051735,0.01 ,0.01 ,0.06 ,99.92 
06_02_28_p,0.001534122,0.00 ,0.08 ,0.06 ,99.86 
06_02_34_p,0.001128614,0.00 ,0.05 ,0.06 ,99.90 
06_02_40_p,0.002322836,0.01 ,0.13 ,0.10 ,99.76 
06_02_46_p,0.001274309,0.00 ,0.05 ,0.07 ,99.89 
06_02_52_p,0.000429487,0.00 ,0.02 ,0.02 ,99.95 
06_02_58_p,0.000934138,0.00 ,0.02 ,0.06 ,99.92 
06_03_04_p,0.001052932,0.00 ,0.06 ,0.03 ,99.91 
06_03_10_p,0.001820674,0.00 ,0.08 ,0.08 ,99.84 
06_03_16_p,0.001204982,0.00 ,0.07 ,0.05 ,99.89 
06_03_22_p,0.00080533,0.00 ,0.02 ,0.05 ,99.93 
06_03_28_p,0.001390284,0.00 ,0.08 ,0.05 ,99.87 
06_03_34_p,0.00064291,0.00 ,0.05 ,0.01 ,99.94 
06_03_40_p,0.000666819,0.00 ,0.03 ,0.02 ,99.94 
06_03_46_p,0.00101476,0.00 ,0.05 ,0.05 ,99.91 
06_03_52_p,0.001099267,0.00 ,0.08 ,0.02 ,99.90 
06_03_58_p,0.001484386,0.00 ,0.05 ,0.08 ,99.87 
06_04_04_p,0.000638561,0.00 ,0.02 ,0.03 ,99.94 
06_04_10_p,0.000260964,0.00 ,0.01 ,0.01 ,99.98 
06_04_16_p,0.000938711,0.00 ,0.03 ,0.05 ,99.92 
06_04_22_p,0.000389842,0.00 ,0.01 ,0.02 ,99.97 
06_04_28_p,0.000781469,0.00 ,0.01 ,0.07 ,99.92 
06_04_34_p,0.000852004,0.00 ,0.02 ,0.06 ,99.92 
06_04_40_p,0.000845626,0.00 ,0.03 ,0.06 ,99.91 
06_04_46_p,0.000516447,0.00 ,0.01 ,0.03 ,99.95 
06_04_52_p,0.000991799,0.00 ,0.02 ,0.07 ,99.91 
06_04_58_p,0.001531182,0.00 ,0.02 ,0.11 ,99.86 
06_05_04_p,0.00101937,0.00 ,0.03 ,0.06 ,99.91 
06_05_10_p,0.00091335,0.00 ,0.01 ,0.07 ,99.92 
06_05_16_p,0.000355133,0.00 ,0.01 ,0.02 ,99.97 
06_05_22_p,0.000918767,0.00 ,0.01 ,0.07 ,99.92 
06_05_28_p,0.000848312,0.01 ,0.02 ,0.06 ,99.91 
06_05_34_p,0.000650894,0.00 ,0.02 ,0.03 ,99.94 
06_05_40_p,0.000551479,0.00 ,0.02 ,0.02 ,99.95 
06_05_46_p,0.000644596,0.00 ,0.05 ,0.01 ,99.94 
06_05_52_p,0.000791658,0.01 ,0.03 ,0.05 ,99.91 
06_05_58_p,0,0.00 ,0.00 ,0.00 ,100.00 
06_06_04_p,0.000108242,0.00 ,0.01 ,0.00 ,99.99 
06_06_10_p,0.001338343,0.01 ,0.00 ,0.11 ,99.87 
06_06_16_p,0.003979795,0.00 ,0.05 ,0.35 ,99.60 
06_06_22_p,0.005819372,0.00 ,0.17 ,0.39 ,99.44 
06_06_28_p,0.008741573,0.01 ,0.23 ,0.59 ,99.17 
06_06_34_p,0.017679208,0.02 ,0.47 ,1.21 ,98.31 
06_06_40_p,0.02486863,0.05 ,1.00 ,1.32 ,97.63 
06_06_46_p,0.032995532,0.02 ,1.50 ,1.60 ,96.87 
06_06_52_p,0.043936745,0.07 ,1.80 ,2.36 ,95.78 
06_06_58_p,0.053909126,0.08 ,2.63 ,2.43 ,94.86 
06_07_04_p,0.067575551,0.05 ,3.42 ,3.04 ,93.50 
06_07_10_p,0.08588604,0.05 ,4.07 ,4.08 ,91.81 
06_07_16_p,0.097304309,0.09 ,4.87 ,4.38 ,90.66 
06_07_22_p,0.110312374,0.10 ,5.80 ,4.80 ,89.30 
06_07_28_p,0.120881018,0.21 ,6.22 ,5.13 ,88.44 
06_07_34_p,0.12613902,0.18 ,6.53 ,5.59 ,87.69 
06_07_40_p,0.138941075,0.11 ,6.84 ,6.43 ,86.61 
06_07_46_p,0.149144499,0.15 ,7.60 ,6.69 ,85.55 
06_07_52_p,0.15471762,0.16 ,8.13 ,6.71 ,85.00 
06_07_58_p,0.158513121,0.15 ,8.47 ,6.74 ,84.64 
06_08_04_p,0.162714228,0.13 ,8.81 ,6.70 ,84.37 
06_08_10_p,0.160832114,0.16 ,8.95 ,6.52 ,84.38 
06_08_16_p,0.156753068,0.18 ,8.22 ,6.59 ,85.00 
06_08_22_p,0.154674206,0.16 ,8.73 ,5.96 ,85.15 
06_08_28_p,0.150111862,0.14 ,8.69 ,5.58 ,85.59 
06_08_34_p,0.143997716,0.14 ,8.13 ,5.45 ,86.28 
06_08_40_p,0.13465602,0.09 ,7.35 ,5.39 ,87.17 
06_08_46_p,0.125165024,0.11 ,6.46 ,5.34 ,88.08 
06_08_52_p,0.117577641,0.10 ,6.16 ,4.84 ,88.90 
06_08_58_p,0.109617809,0.10 ,5.69 ,4.56 ,89.64 
06_09_04_p,0.096205291,0.08 ,4.17 ,4.88 ,90.87 
06_09_10_p,0.087668251,0.08 ,4.13 ,4.14 ,91.66 
06_09_16_p,0.088093434,0.08 ,4.18 ,4.20 ,91.54 
06_09_22_p,0.088442473,0.10 ,4.06 ,4.32 ,91.52 
06_09_28_p,0.086899384,0.08 ,3.84 ,4.41 ,91.66 
06_09_34_p,0.088882259,0.11 ,3.76 ,4.64 ,91.48 
06_09_40_p,0.086197561,0.10 ,3.88 ,4.28 ,91.74 
06_09_46_p,0.081510834,0.13 ,3.94 ,3.76 ,92.18 
06_09_52_p,0.077921107,0.07 ,3.91 ,3.50 ,92.53 
06_09_58_p,0.075860315,0.14 ,3.47 ,3.76 ,92.64 
06_10_04_p,0.076994804,0.03 ,3.61 ,3.78 ,92.58 
06_10_10_p,0.077628636,0.08 ,3.45 ,3.93 ,92.53 
06_10_16_p,0.073183758,0.11 ,3.03 ,3.81 ,93.04 
06_10_22_p,0.075888868,0.09 ,3.31 ,3.94 ,92.65 
06_10_28_p,0.071125127,0.13 ,3.21 ,3.56 ,93.11 
06_10_34_p,0.070456284,0.08 ,3.02 ,3.65 ,93.25 
06_10_40_p,0.069458132,0.09 ,2.97 ,3.60 ,93.34 
06_10_46_p,0.070322301,0.06 ,3.25 ,3.48 ,93.21 
06_10_52_p,0.069133524,0.08 ,2.80 ,3.89 ,93.23 
06_10_58_p,0.065817898,0.05 ,2.68 ,3.65 ,93.63 
06_11_04_p,0.060779498,0.05 ,2.40 ,3.36 ,94.19 
06_11_10_p,0.061462452,0.03 ,2.39 ,3.47 ,94.10 
06_11_16_p,0.061367773,0.07 ,2.37 ,3.48 ,94.09 
06_11_22_p,0.058980666,0.08 ,2.14 ,3.45 ,94.32 
06_11_28_p,0.058231196,0.07 ,2.27 ,3.29 ,94.38 
06_11_34_p,0.059108529,0.07 ,2.28 ,3.34 ,94.31 
06_11_40_p,0.059594933,0.08 ,2.36 ,3.36 ,94.20 
06_11_46_p,0.05780505,0.06 ,2.02 ,3.49 ,94.44 
06_11_52_p,0.055755251,0.06 ,1.94 ,3.32 ,94.69 
06_11_58_p,0.053974884,0.02 ,2.10 ,3.02 ,94.86 
06_12_04_p,0.049121784,0.03 ,2.02 ,2.67 ,95.28 
06_12_10_p,0.043866798,0.06 ,1.57 ,2.55 ,95.82 
06_12_16_p,0.042273933,0.05 ,1.81 ,2.28 ,95.86 
06_12_22_p,0.042346445,0.00 ,1.96 ,2.18 ,95.86 
06_12_28_p,0.044532485,0.03 ,1.90 ,2.34 ,95.72 
06_12_34_p,0.047399215,0.01 ,2.21 ,2.30 ,95.48 
06_12_40_p,0.052542206,0.03 ,2.12 ,2.87 ,94.98 
06_12_46_p,0.051125347,0.05 ,1.99 ,2.89 ,95.07 
06_12_52_p,0.05569092,0.06 ,2.02 ,3.25 ,94.68 
06_12_58_p,0.059279133,0.02 ,1.98 ,3.65 ,94.34 
06_13_04_p,0.061657735,0.01 ,2.04 ,3.87 ,94.07 
06_13_10_p,0.062593904,0.05 ,2.29 ,3.68 ,93.99 
06_13_16_p,0.068573025,0.05 ,2.87 ,3.69 ,93.39 
06_13_22_p,0.07306717,0.09 ,2.76 ,4.18 ,92.97 
06_13_28_p,0.077431772,0.09 ,3.23 ,4.15 ,92.53 
06_13_34_p,0.078710494,0.11 ,3.29 ,4.23 ,92.36 
06_13_40_p,0.079890106,0.10 ,3.58 ,4.07 ,92.25 
06_13_46_p,0.087970522,0.11 ,4.25 ,4.19 ,91.44 
06_13_52_p,0.086022781,0.07 ,4.18 ,4.12 ,91.64 
06_13_58_p,0.087957421,0.10 ,4.44 ,4.02 ,91.43 
06_14_04_p,0.091197904,0.10 ,4.37 ,4.25 ,91.28 
06_14_10_p,0.091029004,0.14 ,4.64 ,4.05 ,91.17 
06_14_16_p,0.099820222,0.06 ,5.01 ,4.55 ,90.39 
06_14_22_p,0.106984519,0.05 ,5.40 ,4.91 ,89.64 
06_14_28_p,0.1109637,0.11 ,5.54 ,5.03 ,89.31 
06_14_34_p,0.109419817,0.07 ,5.75 ,4.71 ,89.47 
06_14_40_p,0.111721732,0.13 ,5.35 ,5.21 ,89.31 
06_14_46_p,0.110242681,0.16 ,5.34 ,5.14 ,89.36 
06_14_52_p,0.113060036,0.14 ,5.49 ,5.17 ,89.20 
06_14_58_p,0.109630602,0.14 ,5.46 ,4.97 ,89.44 
06_15_04_p,0.107918759,0.08 ,4.85 ,5.41 ,89.67 
06_15_10_p,0.106585953,0.07 ,5.03 ,5.10 ,89.81 
06_15_16_p,0.105495849,0.14 ,4.66 ,5.28 ,89.92 
06_15_22_p,0.103687909,0.11 ,4.64 ,5.18 ,90.07 
06_15_28_p,0.102747615,0.14 ,4.91 ,4.78 ,90.17 
06_15_34_p,0.106222345,0.16 ,5.26 ,4.77 ,89.80 
06_15_40_p,0.113688833,0.16 ,5.41 ,5.34 ,89.10 
06_15_46_p,0.120093035,0.10 ,6.52 ,4.95 ,88.43 
06_15_52_p,0.13020526,0.16 ,6.88 ,5.55 ,87.42 
06_15_58_p,0.131793903,0.17 ,6.87 ,5.71 ,87.25 
06_16_04_p,0.135916587,0.19 ,7.41 ,5.64 ,86.75 
06_16_10_p,0.140080994,0.17 ,7.91 ,5.49 ,86.42 
06_16_16_p,0.146601923,0.15 ,8.59 ,5.48 ,85.77 
06_16_22_p,0.150198742,0.26 ,8.86 ,5.48 ,85.39 
06_16_28_p,0.156995826,0.21 ,9.00 ,5.92 ,84.87 
06_16_34_p,0.160923381,0.14 ,9.26 ,6.25 ,84.35 
06_16_40_p,0.162625572,0.18 ,9.31 ,6.28 ,84.23 
06_16_46_p,0.170167469,0.21 ,9.64 ,6.83 ,83.32 
06_16_52_p,0.173233636,0.22 ,10.28 ,6.62 ,82.88 
06_16_58_p,0.178961317,0.25 ,10.36 ,7.00 ,82.38 
06_17_04_p,0.175789663,0.22 ,11.00 ,6.09 ,82.69 
06_17_10_p,0.179462073,0.30 ,11.51 ,6.01 ,82.17 
06_17_16_p,0.198633808,0.28 ,12.80 ,6.63 ,80.30 
06_17_22_p,0.202827457,0.33 ,13.36 ,6.72 ,79.59 
06_17_28_p,0.215426885,0.34 ,14.38 ,6.91 ,78.37 
06_17_34_p,0.217827781,0.39 ,14.24 ,7.08 ,78.29 
06_17_40_p,0.224330088,0.36 ,15.22 ,6.87 ,77.55 
06_17_46_p,0.224804272,0.35 ,15.64 ,6.51 ,77.50 
06_17_52_p,0.227515666,0.32 ,16.27 ,6.46 ,76.95 
06_17_58_p,0.228153261,0.32 ,16.35 ,6.30 ,77.03 
06_18_04_p,0.224921774,0.37 ,15.61 ,6.69 ,77.34 
06_18_10_p,0.221707253,0.45 ,15.88 ,6.03 ,77.65 
06_18_16_p,0.221418981,0.48 ,15.50 ,6.15 ,77.87 
06_18_22_p,0.215615785,0.38 ,15.00 ,6.22 ,78.40 
06_18_28_p,0.215953067,0.51 ,15.14 ,6.00 ,78.35 
06_18_34_p,0.212361578,0.42 ,14.95 ,5.82 ,78.81 
06_18_40_p,0.20355407,0.39 ,14.11 ,5.75 ,79.75 
06_18_46_p,0.203642461,0.36 ,13.85 ,5.99 ,79.80 
06_18_52_p,0.18973524,0.28 ,13.03 ,5.53 ,81.16 
06_18_58_p,0.183162642,0.26 ,12.75 ,5.12 ,81.88 
06_19_04_p,0.174351686,0.37 ,11.91 ,5.15 ,82.56 
06_19_10_p,0.161664862,0.23 ,10.20 ,5.54 ,84.02 
06_19_16_p,0.155834068,0.19 ,9.85 ,5.25 ,84.72 
06_19_22_p,0.150392078,0.20 ,9.91 ,4.57 ,85.33 
06_19_28_p,0.133469415,0.16 ,8.57 ,4.35 ,86.92 
06_19_34_p,0.125304998,0.15 ,7.57 ,4.53 ,87.76 
06_19_40_p,0.121514323,0.11 ,7.40 ,4.28 ,88.20 
06_19_46_p,0.114711459,0.11 ,6.92 ,4.03 ,88.94 
06_19_52_p,0.106226845,0.10 ,5.84 ,4.22 ,89.84 
06_19_58_p,0.097579619,0.11 ,5.27 ,4.05 ,90.57 
06_20_04_p,0.090193553,0.08 ,4.80 ,3.73 ,91.39 
06_20_10_p,0.093716618,0.05 ,5.11 ,3.78 ,91.06 
06_20_16_p,0.096080576,0.11 ,5.22 ,3.80 ,90.87 
06_20_22_p,0.104089996,0.10 ,5.51 ,4.27 ,90.12 
06_20_28_p,0.105143097,0.08 ,5.12 ,4.74 ,90.06 
06_20_34_p,0.101963117,0.11 ,5.28 ,4.28 ,90.32 
06_20_40_p,0.099770504,0.08 ,5.20 ,4.23 ,90.49 
06_20_46_p,0.101029283,0.15 ,5.68 ,3.86 ,90.31 
06_20_52_p,0.098425234,0.14 ,5.25 ,4.06 ,90.55 
06_20_58_p,0.094735998,0.07 ,5.13 ,4.02 ,90.79 
06_21_04_p,0.086932077,0.06 ,5.05 ,3.34 ,91.56 
06_21_10_p,0.078926696,0.07 ,4.55 ,3.04 ,92.34 
06_21_16_p,0.07159907,0.06 ,4.45 ,2.42 ,93.07 
06_21_22_p,0.069516827,0.03 ,3.71 ,3.00 ,93.26 
06_21_28_p,0.064150211,0.08 ,3.46 ,2.71 ,93.75 
06_21_34_p,0.057300059,0.07 ,3.15 ,2.31 ,94.47 
06_21_40_p,0.057588111,0.06 ,3.13 ,2.38 ,94.43 
06_21_46_p,0.054804711,0.08 ,2.87 ,2.32 ,94.73 
06_21_52_p,0.05650802,0.13 ,2.88 ,2.39 ,94.61 
06_21_58_p,0.056223997,0.10 ,2.80 ,2.40 ,94.70 
06_22_04_p,0.053528723,0.10 ,2.58 ,2.36 ,94.95 
06_22_10_p,0.046967455,0.09 ,2.24 ,2.17 ,95.50 
06_22_16_p,0.041113758,0.08 ,2.12 ,1.76 ,96.04 
06_22_22_p,0.039421668,0.07 ,2.15 ,1.65 ,96.13 
06_22_28_p,0.037959847,0.08 ,1.83 ,1.72 ,96.38 
06_22_34_p,0.038105209,0.05 ,1.62 ,2.01 ,96.32 
06_22_40_p,0.032676371,0.09 ,1.53 ,1.54 ,96.84 
06_22_46_p,0.032289777,0.05 ,1.65 ,1.44 ,96.86 
06_22_52_p,0.0287862,0.01 ,1.49 ,1.23 ,97.27 
06_22_58_p,0.007856929,0.01 ,0.20 ,0.49 ,99.29 
06_23_04_p,0.005037647,0.00 ,0.11 ,0.34 ,99.54 
06_23_10_p,0.004076247,0.01 ,0.15 ,0.23 ,99.61 
06_23_16_p,0.002803814,0.00 ,0.09 ,0.17 ,99.74 
06_23_22_p,0.001219374,0.00 ,0.03 ,0.08 ,99.89 
06_23_28_p,0.001061494,0.00 ,0.03 ,0.08 ,99.89 
06_23_34_p,0.000973795,0.00 ,0.07 ,0.03 ,99.90 
06_23_40_p,0.001872735,0.00 ,0.09 ,0.09 ,99.82 
06_23_46_p,0.00112679,0.00 ,0.05 ,0.06 ,99.90 
06_23_52_p,0.001617088,0.00 ,0.02 ,0.14 ,99.84 
07_00_00_p,0.001844335,0.00 ,0.10 ,0.07 ,99.83 